oursystem 
15918.2
13800.0
13104.6
13595.2
12924.6
18297.0
21783.0
15961.8
18224.6
18789.4
16130.0
16575.2
19666.0
25477.0
16610.6
16929.0
17241.8
16875.8
17485.2
23669.8
Traditional CA
651.4
80.8
272.4
105.4
484.0
144.0
113.8
76.0
102.0
84.0
110.4
59.8
220.2
63.2
65.0
308.0
162.4
131.2
65.6
117.4
Traditional CA after BC
6016.6
4856.2
5076.8
4281.8
4313.4
6025.6
5018.8
4762.0
4245.4
4341.4
4166.6
4363.6
4166.0
5368.8
5845.8
5740.4
4231.2
4615.6
4394.6
5023.6
Traditional CA before BC
3974.0
3533.2
3596.0
3616.8
4130.2
3464.6
3477.6
3860.6
4300.4
4939.2
4402.6
5241.8
5833.4
4738.8
4616.8
3521.8
3624.2
3573.2
3708.8
3554.6
